vanilla-row-major
Exp1: 48
1.4631
Exp1: 96
1.12282
Exp1: 192
0.91967
Exp1: 384
0.766866
Exp1: 768
0.698118
Exp1: 1536
0.667123
Exp1: 3072
0.617183
Exp1: 6144
0.650677
Exp1: 12288
0.661424
Exp1: 24576
0.643435
vanilla-column-major
Exp2: 48
2.75888
Exp2: 96
2.6795
Exp2: 192
2.60485
Exp2: 384
2.63201
Exp2: 768
2.14651
Exp2: 1536
1.76696
Exp2: 3072
1.91435
Exp2: 6144
1.88956
Exp2: 12288
1.88976
Exp2: 24576
1.89526
unrolled-row-major-4
Exp4: 48
2.43185
Exp4: 96
1.9761
Exp4: 192
1.73555
Exp4: 384
1.3846
Exp4: 768
1.36935
Exp4: 1536
1.2814
Exp4: 3072
1.25302
Exp4: 6144
1.22757
Exp4: 12288
1.23358
Exp4: 24576
1.233
N, vanilla-row-major, vanilla-column-major, unrolled-row-major-4
48, 1.4631, 2.75888, 2.43185
96, 1.12282, 2.6795, 1.9761
192, 0.91967, 2.60485, 1.73555
384, 0.766866, 2.63201, 1.3846
768, 0.698118, 2.14651, 1.36935
1536, 0.667123, 1.76696, 1.2814
3072, 0.617183, 1.91435, 1.25302
6144, 0.650677, 1.88956, 1.22757
12288, 0.661424, 1.88976, 1.23358
24576, 0.643435, 1.89526, 1.233
