vanilla-row-major
Exp1: 48
1.46516
Exp1: 96
1.1401
Exp1: 192
0.928037
Exp1: 384
0.762276
Exp1: 768
0.706056
Exp1: 1536
0.667114
Exp1: 3072
0.653579
Exp1: 6144
0.647428
Exp1: 12288
0.64895
Exp1: 24576
0.644574
vanilla-column-major
Exp2: 48
2.76142
Exp2: 96
2.67964
Exp2: 192
2.60467
Exp2: 384
2.33041
Exp2: 768
2.13423
Exp2: 1536
1.76018
Exp2: 3072
1.88129
Exp2: 6144
1.87597
Exp2: 12288
1.8571
Exp2: 24576
1.88944
unrolled-row-major-4
Exp4: 48
2.6149
Exp4: 96
2.50802
Exp4: 192
2.52685
Exp4: 384
2.35957
Exp4: 768
2.21481
Exp4: 1536
1.96154
Exp4: 3072
1.79307
Exp4: 6144
1.70726
Exp4: 12288
1.71119
Exp4: 24576
1.72329
N, vanilla-row-major, vanilla-column-major, unrolled-row-major-4
48, 1.46516, 2.76142, 2.6149
96, 1.1401, 2.67964, 2.50802
192, 0.928037, 2.60467, 2.52685
384, 0.762276, 2.33041, 2.35957
768, 0.706056, 2.13423, 2.21481
1536, 0.667114, 1.76018, 1.96154
3072, 0.653579, 1.88129, 1.79307
6144, 0.647428, 1.87597, 1.70726
12288, 0.64895, 1.8571, 1.71119
24576, 0.644574, 1.88944, 1.72329
