vanilla-row-major
Exp1: 48
1.45711
Exp1: 96
1.13711
Exp1: 192
0.938326
Exp1: 384
0.766195
Exp1: 768
0.699276
Exp1: 1536
0.674622
Exp1: 3072
0.662423
Exp1: 6144
0.66241
Exp1: 12288
0.660504
Exp1: 24576
0.658
vanilla-column-major
Exp2: 48
2.72817
Exp2: 96
2.6876
Exp2: 192
2.61408
Exp2: 384
2.47999
Exp2: 768
2.18474
Exp2: 1536
1.78421
Exp2: 3072
1.84037
Exp2: 6144
1.82163
Exp2: 12288
1.81898
Exp2: 24576
1.82625
unrolled-row-major-4
Exp4: 48
2.55579
Exp4: 96
2.51948
Exp4: 192
2.51862
Exp4: 384
2.29628
Exp4: 768
2.18138
Exp4: 1536
1.95136
Exp4: 3072
1.73732
Exp4: 6144
1.66094
Exp4: 12288
1.6676
Exp4: 24576
1.67209
N, vanilla-row-major, vanilla-column-major, unrolled-row-major-4
48, 1.45711, 2.72817, 2.55579
96, 1.13711, 2.6876, 2.51948
192, 0.938326, 2.61408, 2.51862
384, 0.766195, 2.47999, 2.29628
768, 0.699276, 2.18474, 2.18138
1536, 0.674622, 1.78421, 1.95136
3072, 0.662423, 1.84037, 1.73732
6144, 0.66241, 1.82163, 1.66094
12288, 0.660504, 1.81898, 1.6676
24576, 0.658, 1.82625, 1.67209
