vanilla-row-major
Exp1: 48
2.81414
Exp1: 96
2.29119
Exp1: 192
2.13421
Exp1: 384
1.59101
Exp1: 768
1.4441
Exp1: 1536
1.33746
Exp1: 3072
1.29456
Exp1: 6144
1.29058
Exp1: 12288
1.2747
Exp1: 24576
1.27741
vanilla-column-major
Exp2: 48
5.4238
Exp2: 96
4.13185
Exp2: 192
3.96341
Exp2: 384
3.82782
Exp2: 768
3.09871
Exp2: 1536
2.66607
Exp2: 3072
2.40081
Exp2: 6144
2.52885
Exp2: 12288
2.5354
Exp2: 24576
2.53693
unrolled-row-major-4
Exp4: 48
4.2153
Exp4: 96
3.56351
Exp4: 192
3.43615
Exp4: 384
2.87442
Exp4: 768
2.62702
Exp4: 1536
2.35456
Exp4: 3072
2.10909
Exp4: 6144
2.05452
Exp4: 12288
2.05361
Exp4: 24576
2.06483
N, vanilla-row-major, vanilla-column-major, unrolled-row-major-4
48, 2.81414, 5.4238, 4.2153
96, 2.29119, 4.13185, 3.56351
192, 2.13421, 3.96341, 3.43615
384, 1.59101, 3.82782, 2.87442
768, 1.4441, 3.09871, 2.62702
1536, 1.33746, 2.66607, 2.35456
3072, 1.29456, 2.40081, 2.10909
6144, 1.29058, 2.52885, 2.05452
12288, 1.2747, 2.5354, 2.05361
24576, 1.27741, 2.53693, 2.06483
