vanilla-row-major
Exp1: 48
1.46606
Exp1: 96
1.14036
Exp1: 192
0.940611
Exp1: 384
0.767855
Exp1: 768
0.70279
Exp1: 1536
0.668618
Exp1: 3072
0.65889
Exp1: 6144
0.648915
Exp1: 12288
0.65018
Exp1: 24576
0.641891
vanilla-column-major
Exp2: 48
2.76371
Exp2: 96
2.67957
Exp2: 192
2.61218
Exp2: 384
2.59995
Exp2: 768
2.1945
Exp2: 1536
1.76317
Exp2: 3072
1.92206
Exp2: 6144
1.9059
Exp2: 12288
1.88424
Exp2: 24576
1.89257
unrolled-row-major-4
Exp4: 48
2.3753
Exp4: 96
2.36729
Exp4: 192
2.37419
Exp4: 384
2.26824
Exp4: 768
2.05623
Exp4: 1536
1.89335
Exp4: 3072
1.7585
Exp4: 6144
1.68618
Exp4: 12288
1.67356
Exp4: 24576
1.69296
N, vanilla-row-major, vanilla-column-major, unrolled-row-major-4
48, 1.46606, 2.76371, 2.3753
96, 1.14036, 2.67957, 2.36729
192, 0.940611, 2.61218, 2.37419
384, 0.767855, 2.59995, 2.26824
768, 0.70279, 2.1945, 2.05623
1536, 0.668618, 1.76317, 1.89335
3072, 0.65889, 1.92206, 1.7585
6144, 0.648915, 1.9059, 1.68618
12288, 0.65018, 1.88424, 1.67356
24576, 0.641891, 1.89257, 1.69296
