vanilla-row-major
Exp1: 48
2.80759
Exp1: 96s
2.2887
Exp1: 192
2.12668
Exp1: 384
1.61994
Exp1: 768
1.44154
Exp1: 1536
1.32674
Exp1: 3072
1.28254
Exp1: 6144
1.28198
Exp1: 12288
1.26989
Exp1: 24576
1.27515
vanilla-column-major
Exp2: 48
5.45795
Exp2: 96
4.14034
Exp2: 192
3.98588
Exp2: 384
3.73425
Exp2: 768
3.16165
Exp2: 1536
2.6516
Exp2: 3072
2.57311
Exp2: 6144
2.53636
Exp2: 12288
2.56268
Exp2: 24576
2.55808
unrolled-row-major-4
Exp4: 48
5.0285
Exp4: 96
3.83964
Exp4: 192
3.89521
Exp4: 384
3.39981
Exp4: 768
2.99146
Exp4: 1536
2.61451
Exp4: 3072
2.26034
Exp4: 6144
2.09243
Exp4: 12288
2.09723
Exp4: 24576
2.10619
N, vanilla-row-major, vanilla-column-major, unrolled-row-major-4
48, 2.80759, 5.45795, 5.0285
96, 2.2887, 4.14034, 3.83964
192, 2.12668, 3.98588, 3.89521
384, 1.61994, 3.73425, 3.39981
768, 1.44154, 3.16165, 2.99146
1536, 1.32674, 2.6516, 2.61451
3072, 1.28254, 2.57311, 2.26034
6144, 1.28198, 2.53636, 2.09243
12288, 1.26989, 2.56268, 2.09723
24576, 1.27515, 2.55808, 2.10619
